43.69683072058053
92.30441043683183
92.30441043683183
100.0
92.30441043683183
92.1034037197618
92.1034037197618
92.30441043683183
92.1034037197618
92.30441043683183
0.201006717070029
92.30441043683183
92.1034037197618
100.0
70.53521209275
70.73621880982003
0.8164398904051033
2.5316830421890595
36.403178874995056
36.604185592065086
32.389764965752036
0.201006717070029
0.201006717070029
30.557158508833545
28.681476724152894
28.2117410737787
27.967338847083195
100.0
11.503727658527609
27.546533822752604
12.220287020428454
27.345527105682574
27.725887222397812
27.53084139354425
27.53084139354425
13.140162678881442
24.692518550365936
25.72898052300349
100.0
15.813259819602699
25.900325987779382
12.524729505546368
100.0
100.0
14.301427375516102
28.103672912811923
10.417519192389843
23.29504182345309
0.0
6.155654883175675
16.019102663885015
24.04189138628328
7.133498878774649
31.212954965293367
31.130268982524267
33.47952867143343
24.280462803588748
14.570306487954731
29.07710345559765
17.851484105136777
25.329734194303565
31.462019374689604
11.772392234120234
26.020690343381343
46.85572872816104
36.46500272638852
39.931441277150824
29.289442843678295
37.25669013838662
0.40405414635038933
0.201006717070029
100.0
1.4385147914317795
4.267825197430631
25.580896615485855
92.30441043683183
0.201006717070029
33.415630853503046
28.944340546942975
27.32983467647422
44.34650498086445
92.30441043683183
92.30441043683183
30.08750882374195
5.689743631105235
27.345527105682574
92.30441043683183
92.30441043683183
92.1034037197618
0.201006717070029
92.1034037197618
92.30441043683183
18.0329691027457
27.32983467647422
26.122768581744864
27.767530546484302
7.334505595844678
6.495221613864033
32.6951144083678
36.43208864819472
2.5316830421890595
27.96733884708319
25.105321974269728
57.29408022295172
30.917997832602254
60.11565218814983
27.32983467647422
92.30441043683183
31.183643122061167
24.72991992062992
0.201006717070029
0.201006717070029
78.64247354270296
78.44146682563293
78.64247354270296
0.201006717070029
92.30441043683183
100.0
92.1034037197618
92.30441043683183
92.1034037197618
32.18875824868201
13.667897782345342
27.53084139354425
14.266997757549298
18.526821354553128
0.201006717070029
29.786751276451138
24.35393091091493
18.3258146374831
36.6516292749662
50.71557960323515
32.6951144083678
27.134788847620655
64.98670064705817
92.30441043683183
29.507758086276905
35.19800804008694
78.64247354270296
92.30441043683183
92.30441043683183
92.1034037197618
92.30441043683183
0.201006717070029
0.201006717070029
92.30441043683183
78.64247354270296
32.95318250508596
29.507758086276905
27.688322522162366
27.53084139354425
13.667897782345342
18.832170797168896
28.215364352782327
37.343229134402954
38.92620458153306
44.34650498086445
5.488736914035206
30.410966008653972
28.249481578065513
29.786751276451138
29.58574455938111
2.0872203064948547
31.130268982524267
32.389764965752036
78.64247354270296
78.44146682563293
35.8768327086476
50.02755106888849
92.30441043683183
0.201006717070029
30.410966008653972
28.41274779084873
28.41274779084873
28.2117410737787
39.52326384452668
0.402013434140058
92.1034037197618
92.30441043683183
27.53084139354425
70.73621880982003
6.631286005372604
48.15891217303745
0.201006717070029
92.30441043683183
92.1034037197618
92.30441043683183
92.30441043683183
21.197449207043586
29.786751276451138
31.494122110314173
35.64014355570753
48.13892216637578
92.30441043683183
48.13892216637578
92.30441043683183
92.30441043683183
27.974951631794042
10.894543508833438
1.8686388958510491
92.30441043683183
92.30441043683183
92.30441043683183
48.15891217303745
0.201006717070029
0.201006717070029
92.1034037197618
0.0
92.30441043683183
92.30441043683183
92.1034037197618
