43.701317710235905
92.30441043683183
92.30441043683183
0.201006717070029
92.30441043683183
92.30441043683183
92.30441043683183
92.30441043683183
92.30441043683183
92.1034037197618
92.30441043683183
92.30441043683183
92.1034037197618
78.64247354270296
70.33216466346964
70.73621880982003
60.93209207855493
44.73594704912085
36.604185592065086
0.201006717070029
36.403178874995056
35.87683270864759
31.054244644196775
30.557158508833545
28.277422577802504
28.2117410737787
27.967338847083195
17.83196238567567
27.473881582883045
13.279536065203308
100.0
14.266997757549296
27.725887222397812
13.466891065275313
27.53084139354425
14.67938350160401
21.241133243340407
100.0
27.53084139354425
25.6991862558983
25.699319270709353
12.517323469542465
25.244047597802275
24.83190124712474
14.3014273755161
28.103672912811923
18.0329691027457
25.625718148572123
28.41274779084873
14.97231992209479
24.028653995827522
16.821624475536666
17.01942531507025
7.133498878774649
31.130268982524267
33.47952867143343
30.034104252624367
18.501584758144688
29.07710345559765
22.31435513142097
21.84266645140801
31.261012657619574
26.03938999166953
26.020690343381343
46.85572872816104
37.27519359315272
42.26211760226985
29.289442843678295
0.40405414635038933
36.56183116950916
26.941472959332184
0.402013434140058
40.76077191888843
32.389764965752036
25.580896615485855
92.30441043683183
0.201006717070029
0.201006717070029
100.0
27.32983467647422
46.45371529402098
92.30441043683183
92.30441043683183
0.201006717070029
33.21462413643302
20.413034943977955
100.0
92.30441043683183
92.30441043683183
92.30441043683183
92.30441043683183
92.1034037197618
10.417519192389843
14.063950328268936
25.09690269399385
11.797376622128871
23.624666347128926
26.62500160971011
5.954648166105646
33.415630853503046
23.419273014379804
26.94147295933218
19.616585060234524
57.49508694002175
6.022101855678432
60.51970633450022
13.667897782345342
0.0
31.183643122061167
4.462871026284194
100.0
92.30441043683183
78.64247354270296
100.0
78.64247354270296
28.249481578065513
92.30441043683183
92.1034037197618
0.201006717070029
92.30441043683183
92.30441043683183
4.462871026284194
27.53084139354425
13.466891065275313
17.350011354094462
10.086933153365631
29.786751276451138
29.786751276451138
24.35393091091493
27.566523829414272
32.18875824868201
50.71557960323515
0.201006717070029
27.134788847620655
64.377516497364
92.30441043683183
29.507758086276905
34.99700132301691
78.64247354270296
0.201006717070029
92.30441043683183
92.1034037197618
92.30441043683183
92.30441043683183
92.30441043683183
92.1034037197618
78.64247354270296
28.129941368748202
21.197449207043586
15.530575789979927
27.53084139354425
27.53084139354425
28.59389353309892
28.215364352782327
37.343229134402954
38.92620458153306
46.45371529402098
33.21462413643302
30.410966008653972
10.417519192389843
29.786751276451138
8.210558049012537
27.546533822752604
31.130268982524267
0.201006717070029
100.0
78.64247354270296
35.8768327086476
1.8686388958510491
92.30441043683183
0.201006717070029
7.62228034488667
28.2117410737787
18.526821354553128
10.086933153365631
2.785241346670153
0.402013434140058
92.30441043683183
100.0
27.53084139354425
0.6050608634204183
6.022101855678432
46.05170185988092
92.30441043683183
92.30441043683183
92.30441043683183
92.30441043683183
100.0
29.507758086276905
29.58574455938111
31.494122110314173
35.64014355570753
2.0872203064948547
0.201006717070029
1.8862135894248258
0.201006717070029
92.1034037197618
27.974951631794042
27.974951631794042
1.8686388958510491
92.30441043683183
92.1034037197618
0.0
46.05170185988092
92.30441043683183
92.30441043683183
92.1034037197618
92.1034037197618
92.30441043683183
92.30441043683183
92.30441043683183
